Matriz A.
205,219,87,131,222,207,116,236,51,121,
32,74,87,91,249,178,97,8,41,125,
97,33,213,203,81,227,39,55,103,131,
195,58,202,135,189,27,194,158,115,245,
131,147,69,218,239,68,146,188,179,40,
165,128,73,129,183,154,208,223,62,61,
206,7,222,11,244,13,38,189,23,5,
36,6,152,106,225,243,26,223,181,57,
13,97,185,87,78,119,93,138,194,155,
51,2,15,23,115,9,139,5,198,162,


Matriz B.
110,35,19,13,143,96,58,21,21,40,
29,135,139,66,74,19,87,67,57,133,
25,58,136,90,34,103,1,125,109,52,
39,69,139,110,82,132,56,43,55,130,
135,136,115,124,53,91,45,42,60,4,
26,85,114,64,77,50,17,79,25,28,
131,117,98,120,77,82,4,36,125,59,
16,110,98,131,136,53,124,31,95,34,
87,23,120,104,139,99,4,59,28,82,
87,61,49,35,83,126,118,87,64,93,


Matriz Resultado.
105473,146698,160050,134510,145086,122961,96085,86191,98063,95868,
76910,92226,105637,86735,72006,85197,44002,61972,60801,54438,
68053,85495,126799,96693,97646,110211,50428,81520,70203,77215,
118926,121353,143118,129070,134957,143534,82820,89089,107019,94113,
104120,126077,154017,137747,132747,121098,73907,71134,90363,92983,
98944,128181,140054,126657,127709,109871,74786,69931,93468,79845,
72558,82149,91401,87304,84601,83121,48866,53312,68162,34504,
76441,104667,139416,122808,112308,104895,58160,76850,76222,60885,
70639,90984,127032,104918,101518,100354,56333,78872,78494,78497,
72308,52166,66545,63108,68976,72107,30847,40545,44972,46461,
